242
0
0
0
0
0
0
[[0, 1, 2, 3, 4, 7, 9], [0]] [] 1244 t=  [20, 0] 1244
0
[[0, 1, 2, 3, 4, 7], [0, 9]] [] 1601 t=  [12, 3] 1601
[[0, 1, 2, 3, 4, 7], [0]] [9] 1118 t=  [12, 0] 1118
441
0
[[0, 1, 2, 3, 4, 9], [0, 7]] [] 1523 t=  [13, 6] 1523
0
[[0, 1, 2, 3, 4], [0, 7, 9]] [] 1502 t=  [8, 14] 1502
[[0, 1, 2, 3, 4], [0, 7]] [9] 1250 t=  [8, 6] 1691
0
[[0, 1, 2, 3, 4, 9], [0]] [7] 1083 t=  [13, 0] 1083
528
0
[[0, 1, 2, 3, 4, 7], [0, 9]] [] 1601 t=  [12, 3] 1601
0
[[0, 1, 2, 3, 4], [0, 9, 7]] [] 1623 t=  [8, 11] 1623
[[0, 1, 2, 3, 4], [0, 9]] [7] 1293 t=  [8, 3] 1821
[[0, 1, 2, 3, 4], [0]] [7, 9] 810 t=  [8, 0] 810
1054
504
0
[[0, 1, 2, 3, 7, 9], [0, 4]] [] 1302 t=  [19, 3] 1302
0
[[0, 1, 2, 3, 7], [0, 4, 9]] [] 1533 t=  [11, 8] 1533
[[0, 1, 2, 3, 7], [0, 4]] [9] 1155 t=  [11, 3] 1659
441
0
[[0, 1, 2, 3, 9], [0, 4, 7]] [] 1579 t=  [10, 7] 1579
0
[[0, 1, 2, 3], [0, 4, 7, 9]] [] 1474 t=  [6, 15] 1474
[[0, 1, 2, 3], [0, 4, 7]] [9] 1243 t=  [6, 7] 1684
528
0
[[0, 1, 2, 3, 9, 7], [0, 4]] [] 1337 t=  [18, 3] 1337
0
[[0, 1, 2, 3, 9], [0, 4, 7]] [] 1579 t=  [10, 7] 1579
[[0, 1, 2, 3, 9], [0, 4]] [7] 1161 t=  [10, 3] 1689
462
0
[[0, 1, 2, 3, 7], [0, 4, 9]] [] 1533 t=  [11, 8] 1533
0
[[0, 1, 2, 3], [0, 4, 9, 7]] [] 1423 t=  [6, 16] 1423
[[0, 1, 2, 3], [0, 4, 9]] [7] 1203 t=  [6, 8] 1665
[[0, 1, 2, 3], [0, 4]] [7, 9] 825 t=  [6, 3] 1879
0
[[0, 1, 2, 3, 7], [0]] [4, 9] 1086 t=  [11, 0] 1086
507
441
0
[[0, 1, 2, 3, 4, 9], [0, 7]] [] 1523 t=  [13, 6] 1523
0
[[0, 1, 2, 3, 4], [0, 7, 9]] [] 1502 t=  [8, 14] 1502
[[0, 1, 2, 3, 4], [0, 7]] [9] 1250 t=  [8, 6] 1691
441
0
[[0, 1, 2, 3, 9], [0, 7, 4]] [] 1580 t=  [10, 10] 1580
0
[[0, 1, 2, 3], [0, 7, 4, 9]] [] 1475 t=  [6, 15] 1475
[[0, 1, 2, 3], [0, 7, 4]] [9] 1244 t=  [6, 10] 1685
63
[[0, 1, 2, 3, 9], [0, 7]] [4] 1532 t=  [10, 6] 1595
63
[[0, 1, 2, 3], [0, 7, 9]] [4] 1448 t=  [6, 14] 1511
[[0, 1, 2, 3], [0, 7]] [4, 9] 1196 t=  [6, 6] 1703
0
[[0, 1, 2, 3, 9], [0]] [4, 7] 1092 t=  [10, 0] 1092
603
528
0
[[0, 1, 2, 3, 4, 7], [0, 9]] [] 1601 t=  [12, 3] 1601
0
[[0, 1, 2, 3, 4], [0, 9, 7]] [] 1623 t=  [8, 11] 1623
[[0, 1, 2, 3, 4], [0, 9]] [7] 1293 t=  [8, 3] 1821
462
0
[[0, 1, 2, 3, 7], [0, 9, 4]] [] 1623 t=  [11, 8] 1623
0
[[0, 1, 2, 3], [0, 9, 4, 7]] [] 1601 t=  [6, 12] 1601
[[0, 1, 2, 3], [0, 9, 4]] [7] 1293 t=  [6, 8] 1755
72
0
[[0, 1, 2, 3, 7, 4], [0, 9]] [] 1602 t=  [15, 3] 1602
0
[[0, 1, 2, 3, 7], [0, 9, 4]] [] 1623 t=  [11, 8] 1623
[[0, 1, 2, 3, 7], [0, 9]] [4] 1569 t=  [11, 3] 1641
63
0
[[0, 1, 2, 3, 4], [0, 9, 7]] [] 1623 t=  [8, 11] 1623
0
[[0, 1, 2, 3], [0, 9, 7, 4]] [] 1602 t=  [6, 15] 1602
[[0, 1, 2, 3], [0, 9, 7]] [4] 1569 t=  [6, 11] 1632
[[0, 1, 2, 3], [0, 9]] [4, 7] 1239 t=  [6, 3] 1842
[[0, 1, 2, 3], [0]] [4, 7, 9] 756 t=  [6, 0] 756
1097
1097
525
0
[[0, 1, 2, 4, 7, 9], [0, 3]] [] 1370 t=  [19, 2] 1370
0
[[0, 1, 2, 4, 7], [0, 3, 9]] [] 1643 t=  [11, 6] 1643
[[0, 1, 2, 4, 7], [0, 3]] [9] 1223 t=  [11, 2] 1748
420
0
[[0, 1, 2, 4, 9], [0, 3, 7]] [] 1605 t=  [12, 7] 1605
0
[[0, 1, 2, 4], [0, 3, 7, 9]] [] 1542 t=  [7, 15] 1542
[[0, 1, 2, 4], [0, 3, 7]] [9] 1311 t=  [7, 7] 1731
550
0
[[0, 1, 2, 4, 9, 7], [0, 3]] [] 1319 t=  [20, 2] 1319
0
[[0, 1, 2, 4, 9], [0, 3, 7]] [] 1605 t=  [12, 7] 1605
[[0, 1, 2, 4, 9], [0, 3]] [7] 1187 t=  [12, 2] 1737
462
0
[[0, 1, 2, 4, 7], [0, 3, 9]] [] 1643 t=  [11, 6] 1643
0
[[0, 1, 2, 4], [0, 3, 9, 7]] [] 1577 t=  [7, 14] 1577
[[0, 1, 2, 4], [0, 3, 9]] [7] 1313 t=  [7, 6] 1775
[[0, 1, 2, 4], [0, 3]] [7, 9] 893 t=  [7, 2] 1990
1011
483
0
[[0, 1, 2, 7, 9], [0, 3, 4]] [] 1422 t=  [18, 4] 1422
0
[[0, 1, 2, 7], [0, 3, 4, 9]] [] 1611 t=  [10, 9] 1611
[[0, 1, 2, 7], [0, 3, 4]] [9] 1254 t=  [10, 4] 1737
483
0
[[0, 1, 2, 9], [0, 3, 4, 7]] [] 1655 t=  [9, 8] 1655
0
[[0, 1, 2], [0, 3, 4, 7, 9]] [] 1508 t=  [4, 16] 1508
[[0, 1, 2], [0, 3, 4, 7]] [9] 1298 t=  [4, 8] 1781
506
0
[[0, 1, 2, 9, 7], [0, 3, 4]] [] 1457 t=  [17, 4] 1457
0
[[0, 1, 2, 9], [0, 3, 4, 7]] [] 1655 t=  [9, 8] 1655
[[0, 1, 2, 9], [0, 3, 4]] [7] 1259 t=  [9, 4] 1765
506
0
[[0, 1, 2, 7], [0, 3, 4, 9]] [] 1611 t=  [10, 9] 1611
0
[[0, 1, 2], [0, 3, 4, 9, 7]] [] 1457 t=  [4, 17] 1457
[[0, 1, 2], [0, 3, 4, 9]] [7] 1259 t=  [4, 9] 1765
[[0, 1, 2], [0, 3, 4]] [7, 9] 902 t=  [4, 4] 1913
603
525
0
[[0, 1, 2, 7, 4, 9], [0, 3]] [] 1371 t=  [19, 2] 1371
0
[[0, 1, 2, 7, 4], [0, 3, 9]] [] 1644 t=  [14, 6] 1644
[[0, 1, 2, 7, 4], [0, 3]] [9] 1224 t=  [14, 2] 1749
483
0
[[0, 1, 2, 7, 9], [0, 3, 4]] [] 1422 t=  [18, 4] 1422
0
[[0, 1, 2, 7], [0, 3, 4, 9]] [] 1611 t=  [10, 9] 1611
[[0, 1, 2, 7], [0, 3, 4]] [9] 1254 t=  [10, 4] 1737
75
[[0, 1, 2, 7, 9], [0, 3]] [4] 1356 t=  [18, 2] 1431
63
0
[[0, 1, 2, 7, 4], [0, 3, 9]] [] 1644 t=  [14, 6] 1644
0
[[0, 1, 2, 7], [0, 3, 9, 4]] [] 1653 t=  [10, 11] 1653
[[0, 1, 2, 7], [0, 3, 9]] [4] 1608 t=  [10, 6] 1671
[[0, 1, 2, 7], [0, 3]] [4, 9] 1188 t=  [10, 2] 1791
555
420
0
[[0, 1, 2, 4, 9], [0, 3, 7]] [] 1605 t=  [12, 7] 1605
0
[[0, 1, 2, 4], [0, 3, 7, 9]] [] 1542 t=  [7, 15] 1542
[[0, 1, 2, 4], [0, 3, 7]] [9] 1311 t=  [7, 7] 1731
483
0
[[0, 1, 2, 9], [0, 3, 7, 4]] [] 1656 t=  [9, 11] 1656
0
[[0, 1, 2], [0, 3, 7, 4, 9]] [] 1509 t=  [4, 16] 1509
[[0, 1, 2], [0, 3, 7, 4]] [9] 1299 t=  [4, 11] 1782
60
0
[[0, 1, 2, 9, 4], [0, 3, 7]] [] 1647 t=  [14, 7] 1647
0
[[0, 1, 2, 9], [0, 3, 7, 4]] [] 1656 t=  [9, 11] 1656
[[0, 1, 2, 9], [0, 3, 7]] [4] 1611 t=  [9, 7] 1671
69
[[0, 1, 2], [0, 3, 7, 9]] [4] 1485 t=  [4, 15] 1554
[[0, 1, 2], [0, 3, 7]] [4, 9] 1254 t=  [4, 7] 1809
628
550
0
[[0, 1, 2, 9, 4, 7], [0, 3]] [] 1405 t=  [18, 2] 1405
0
[[0, 1, 2, 9, 4], [0, 3, 7]] [] 1647 t=  [14, 7] 1647
[[0, 1, 2, 9, 4], [0, 3]] [7] 1229 t=  [14, 2] 1779
506
0
[[0, 1, 2, 9, 7], [0, 3, 4]] [] 1457 t=  [17, 4] 1457
0
[[0, 1, 2, 9], [0, 3, 4, 7]] [] 1655 t=  [9, 8] 1655
[[0, 1, 2, 9], [0, 3, 4]] [7] 1259 t=  [9, 4] 1765
75
[[0, 1, 2, 9, 7], [0, 3]] [4] 1391 t=  [17, 2] 1466
60
0
[[0, 1, 2, 9, 4], [0, 3, 7]] [] 1647 t=  [14, 7] 1647
0
[[0, 1, 2, 9], [0, 3, 7, 4]] [] 1656 t=  [9, 11] 1656
[[0, 1, 2, 9], [0, 3, 7]] [4] 1611 t=  [9, 7] 1671
[[0, 1, 2, 9], [0, 3]] [4, 7] 1193 t=  [9, 2] 1821
578
462
0
[[0, 1, 2, 4, 7], [0, 3, 9]] [] 1643 t=  [11, 6] 1643
0
[[0, 1, 2, 4], [0, 3, 9, 7]] [] 1577 t=  [7, 14] 1577
[[0, 1, 2, 4], [0, 3, 9]] [7] 1313 t=  [7, 6] 1775
506
0
[[0, 1, 2, 7], [0, 3, 9, 4]] [] 1653 t=  [10, 11] 1653
0
[[0, 1, 2], [0, 3, 9, 4, 7]] [] 1543 t=  [4, 15] 1543
[[0, 1, 2], [0, 3, 9, 4]] [7] 1301 t=  [4, 11] 1807
63
0
[[0, 1, 2, 7, 4], [0, 3, 9]] [] 1644 t=  [14, 6] 1644
0
[[0, 1, 2, 7], [0, 3, 9, 4]] [] 1653 t=  [10, 11] 1653
[[0, 1, 2, 7], [0, 3, 9]] [4] 1608 t=  [10, 6] 1671
69
[[0, 1, 2], [0, 3, 9, 7]] [4] 1520 t=  [4, 14] 1589
[[0, 1, 2], [0, 3, 9]] [4, 7] 1256 t=  [4, 6] 1834
[[0, 1, 2], [0, 3]] [4, 7, 9] 836 t=  [4, 2] 1933
0
[[0, 1, 2, 4], [0]] [3, 7, 9] 413 t=  [7, 0] 413
1574
1054
504
0
[[0, 1, 2, 3, 7, 9], [0, 4]] [] 1302 t=  [19, 3] 1302
0
[[0, 1, 2, 3, 7], [0, 4, 9]] [] 1533 t=  [11, 8] 1533
[[0, 1, 2, 3, 7], [0, 4]] [9] 1155 t=  [11, 3] 1659
441
0
[[0, 1, 2, 3, 9], [0, 4, 7]] [] 1579 t=  [10, 7] 1579
0
[[0, 1, 2, 3], [0, 4, 7, 9]] [] 1474 t=  [6, 15] 1474
[[0, 1, 2, 3], [0, 4, 7]] [9] 1243 t=  [6, 7] 1684
528
0
[[0, 1, 2, 3, 9, 7], [0, 4]] [] 1337 t=  [18, 3] 1337
0
[[0, 1, 2, 3, 9], [0, 4, 7]] [] 1579 t=  [10, 7] 1579
[[0, 1, 2, 3, 9], [0, 4]] [7] 1161 t=  [10, 3] 1689
462
0
[[0, 1, 2, 3, 7], [0, 4, 9]] [] 1533 t=  [11, 8] 1533
0
[[0, 1, 2, 3], [0, 4, 9, 7]] [] 1423 t=  [6, 16] 1423
[[0, 1, 2, 3], [0, 4, 9]] [7] 1203 t=  [6, 8] 1665
[[0, 1, 2, 3], [0, 4]] [7, 9] 825 t=  [6, 3] 1879
1011
462
0
[[0, 1, 2, 7, 9], [0, 4, 3]] [] 1365 t=  [18, 5] 1365
0
[[0, 1, 2, 7], [0, 4, 3, 9]] [] 1554 t=  [10, 9] 1554
[[0, 1, 2, 7], [0, 4, 3]] [9] 1197 t=  [10, 5] 1659
483
0
[[0, 1, 2, 9], [0, 4, 3, 7]] [] 1554 t=  [9, 10] 1554
0
[[0, 1, 2], [0, 4, 3, 7, 9]] [] 1365 t=  [4, 18] 1365
[[0, 1, 2], [0, 4, 3, 7]] [9] 1197 t=  [4, 10] 1680
484
0
[[0, 1, 2, 9, 7], [0, 4, 3]] [] 1400 t=  [17, 5] 1400
0
[[0, 1, 2, 9], [0, 4, 3, 7]] [] 1554 t=  [9, 10] 1554
[[0, 1, 2, 9], [0, 4, 3]] [7] 1202 t=  [9, 5] 1686
506
0
[[0, 1, 2, 7], [0, 4, 3, 9]] [] 1554 t=  [10, 9] 1554
0
[[0, 1, 2], [0, 4, 3, 9, 7]] [] 1400 t=  [4, 17] 1400
[[0, 1, 2], [0, 4, 3, 9]] [7] 1202 t=  [4, 9] 1708
[[0, 1, 2], [0, 4, 3]] [7, 9] 845 t=  [4, 5] 1856
1004
504
[[0, 1, 2, 7, 3], [0, 4]] [9] 997 t=  [15, 3] 1501
462
0
[[0, 1, 2, 7, 9], [0, 4, 3]] [] 1365 t=  [18, 5] 1365
0
[[0, 1, 2, 7], [0, 4, 3, 9]] [] 1554 t=  [10, 9] 1554
[[0, 1, 2, 7], [0, 4, 3]] [9] 1197 t=  [10, 5] 1659
480
[[0, 1, 2, 7, 9], [0, 4]] [3] 945 t=  [18, 3] 1425
380
[[0, 1, 2, 7], [0, 4, 9]] [3] 1155 t=  [10, 8] 1535
[[0, 1, 2, 7], [0, 4]] [3, 9] 777 t=  [10, 3] 1781
963
441
0
[[0, 1, 2, 3, 9], [0, 4, 7]] [] 1579 t=  [10, 7] 1579
0
[[0, 1, 2, 3], [0, 4, 7, 9]] [] 1474 t=  [6, 15] 1474
[[0, 1, 2, 3], [0, 4, 7]] [9] 1243 t=  [6, 7] 1684
483
[[0, 1, 2], [0, 4, 7, 3]] [9] 1123 t=  [4, 12] 1606
400
[[0, 1, 2, 9], [0, 4, 7]] [3] 1200 t=  [9, 7] 1600
460
[[0, 1, 2], [0, 4, 7, 9]] [3] 1074 t=  [4, 15] 1534
[[0, 1, 2], [0, 4, 7]] [3, 9] 843 t=  [4, 7] 1806
1028
528
[[0, 1, 2, 9, 3], [0, 4]] [7] 1042 t=  [13, 3] 1570
484
0
[[0, 1, 2, 9, 7], [0, 4, 3]] [] 1400 t=  [17, 5] 1400
0
[[0, 1, 2, 9], [0, 4, 3, 7]] [] 1554 t=  [9, 10] 1554
[[0, 1, 2, 9], [0, 4, 3]] [7] 1202 t=  [9, 5] 1686
480
[[0, 1, 2, 9, 7], [0, 4]] [3] 980 t=  [17, 3] 1460
400
[[0, 1, 2, 9], [0, 4, 7]] [3] 1200 t=  [9, 7] 1600
[[0, 1, 2, 9], [0, 4]] [3, 7] 782 t=  [9, 3] 1810
986
462
0
[[0, 1, 2, 3, 7], [0, 4, 9]] [] 1533 t=  [11, 8] 1533
0
[[0, 1, 2, 3], [0, 4, 9, 7]] [] 1423 t=  [6, 16] 1423
[[0, 1, 2, 3], [0, 4, 9]] [7] 1203 t=  [6, 8] 1665
506
[[0, 1, 2], [0, 4, 9, 3]] [7] 1083 t=  [4, 12] 1589
380
[[0, 1, 2, 7], [0, 4, 9]] [3] 1155 t=  [10, 8] 1535
460
[[0, 1, 2], [0, 4, 9, 7]] [3] 1023 t=  [4, 16] 1483
[[0, 1, 2], [0, 4, 9]] [3, 7] 803 t=  [4, 8] 1789
[[0, 1, 2], [0, 4]] [3, 7, 9] 425 t=  [4, 3] 1999
0
[[0, 1, 2, 7], [0]] [3, 4, 9] 708 t=  [10, 0] 708
1055
507
441
0
[[0, 1, 2, 3, 4, 9], [0, 7]] [] 1523 t=  [13, 6] 1523
0
[[0, 1, 2, 3, 4], [0, 7, 9]] [] 1502 t=  [8, 14] 1502
[[0, 1, 2, 3, 4], [0, 7]] [9] 1250 t=  [8, 6] 1691
441
0
[[0, 1, 2, 3, 9], [0, 7, 4]] [] 1580 t=  [10, 10] 1580
0
[[0, 1, 2, 3], [0, 7, 4, 9]] [] 1475 t=  [6, 15] 1475
[[0, 1, 2, 3], [0, 7, 4]] [9] 1244 t=  [6, 10] 1685
63
[[0, 1, 2, 3, 9], [0, 7]] [4] 1532 t=  [10, 6] 1595
63
[[0, 1, 2, 3], [0, 7, 9]] [4] 1448 t=  [6, 14] 1511
[[0, 1, 2, 3], [0, 7]] [4, 9] 1196 t=  [6, 6] 1703
555
[[0, 1, 2], [0, 7, 3]] [4, 9] 1096 t=  [4, 11] 1651
881
441
[[0, 1, 2, 4, 3], [0, 7]] [9] 1193 t=  [9, 6] 1634
420
[[0, 1, 2, 4], [0, 7, 3]] [9] 1153 t=  [7, 11] 1573
420
[[0, 1, 2, 4, 9], [0, 7]] [3] 1147 t=  [12, 6] 1567
400
[[0, 1, 2, 4], [0, 7, 9]] [3] 1105 t=  [7, 14] 1505
[[0, 1, 2, 4], [0, 7]] [3, 9] 853 t=  [7, 6] 1734
963
441
0
[[0, 1, 2, 3, 9], [0, 7, 4]] [] 1580 t=  [10, 10] 1580
0
[[0, 1, 2, 3], [0, 7, 4, 9]] [] 1475 t=  [6, 15] 1475
[[0, 1, 2, 3], [0, 7, 4]] [9] 1244 t=  [6, 10] 1685
483
[[0, 1, 2], [0, 7, 4, 3]] [9] 1124 t=  [4, 12] 1607
360
[[0, 1, 2, 9], [0, 7, 4]] [3] 1201 t=  [9, 10] 1561
460
[[0, 1, 2], [0, 7, 4, 9]] [3] 1075 t=  [4, 15] 1535
[[0, 1, 2], [0, 7, 4]] [3, 9] 844 t=  [4, 10] 1807
503
63
[[0, 1, 2, 9, 3], [0, 7]] [4] 1413 t=  [13, 6] 1476
54
[[0, 1, 2, 9], [0, 7, 3]] [4] 1453 t=  [9, 11] 1507
420
[[0, 1, 2, 9, 4], [0, 7]] [3] 1189 t=  [14, 6] 1609
360
[[0, 1, 2, 9], [0, 7, 4]] [3] 1201 t=  [9, 10] 1561
[[0, 1, 2, 9], [0, 7]] [3, 4] 1153 t=  [9, 6] 1656
549
[[0, 1, 2], [0, 7, 9]] [3, 4] 1048 t=  [4, 14] 1597
[[0, 1, 2], [0, 7]] [3, 4, 9] 796 t=  [4, 6] 1851
0
[[0, 1, 2, 9], [0]] [3, 4, 7] 713 t=  [9, 0] 713
1123
603
528
0
[[0, 1, 2, 3, 4, 7], [0, 9]] [] 1601 t=  [12, 3] 1601
0
[[0, 1, 2, 3, 4], [0, 9, 7]] [] 1623 t=  [8, 11] 1623
[[0, 1, 2, 3, 4], [0, 9]] [7] 1293 t=  [8, 3] 1821
462
0
[[0, 1, 2, 3, 7], [0, 9, 4]] [] 1623 t=  [11, 8] 1623
0
[[0, 1, 2, 3], [0, 9, 4, 7]] [] 1601 t=  [6, 12] 1601
[[0, 1, 2, 3], [0, 9, 4]] [7] 1293 t=  [6, 8] 1755
72
[[0, 1, 2, 3, 7], [0, 9]] [4] 1569 t=  [11, 3] 1641
63
[[0, 1, 2, 3], [0, 9, 7]] [4] 1569 t=  [6, 11] 1632
[[0, 1, 2, 3], [0, 9]] [4, 7] 1239 t=  [6, 3] 1842
578
440
0
[[0, 1, 2, 4, 7], [0, 9, 3]] [] 1606 t=  [11, 7] 1606
0
[[0, 1, 2, 4], [0, 9, 3, 7]] [] 1584 t=  [7, 12] 1584
[[0, 1, 2, 4], [0, 9, 3]] [7] 1276 t=  [7, 7] 1716
506
0
[[0, 1, 2, 7], [0, 9, 3, 4]] [] 1622 t=  [10, 9] 1622
0
[[0, 1, 2], [0, 9, 3, 4, 7]] [] 1556 t=  [4, 13] 1556
[[0, 1, 2], [0, 9, 3, 4]] [7] 1270 t=  [4, 9] 1776
60
[[0, 1, 2, 7], [0, 9, 3]] [4] 1571 t=  [10, 7] 1631
69
[[0, 1, 2], [0, 9, 3, 7]] [4] 1527 t=  [4, 12] 1596
[[0, 1, 2], [0, 9, 3]] [4, 7] 1219 t=  [4, 7] 1797
1028
528
0
[[0, 1, 2, 4, 3, 7], [0, 9]] [] 1500 t=  [14, 3] 1500
0
[[0, 1, 2, 4, 3], [0, 9, 7]] [] 1566 t=  [9, 11] 1566
[[0, 1, 2, 4, 3], [0, 9]] [7] 1236 t=  [9, 3] 1764
440
0
[[0, 1, 2, 4, 7], [0, 9, 3]] [] 1606 t=  [11, 7] 1606
0
[[0, 1, 2, 4], [0, 9, 3, 7]] [] 1584 t=  [7, 12] 1584
[[0, 1, 2, 4], [0, 9, 3]] [7] 1276 t=  [7, 7] 1716
480
0
[[0, 1, 2, 4, 7, 3], [0, 9]] [] 1426 t=  [16, 3] 1426
0
[[0, 1, 2, 4, 7], [0, 9, 3]] [] 1606 t=  [11, 7] 1606
[[0, 1, 2, 4, 7], [0, 9]] [3] 1226 t=  [11, 3] 1706
400
[[0, 1, 2, 4], [0, 9, 7]] [3] 1226 t=  [7, 11] 1626
[[0, 1, 2, 4], [0, 9]] [3, 7] 896 t=  [7, 3] 1924
986
462
0
[[0, 1, 2, 3, 7], [0, 9, 4]] [] 1623 t=  [11, 8] 1623
0
[[0, 1, 2, 3], [0, 9, 4, 7]] [] 1601 t=  [6, 12] 1601
[[0, 1, 2, 3], [0, 9, 4]] [7] 1293 t=  [6, 8] 1755
506
0
[[0, 1, 2, 7], [0, 9, 4, 3]] [] 1565 t=  [10, 10] 1565
0
[[0, 1, 2], [0, 9, 4, 3, 7]] [] 1455 t=  [4, 15] 1455
[[0, 1, 2], [0, 9, 4, 3]] [7] 1213 t=  [4, 10] 1719
380
[[0, 1, 2, 7], [0, 9, 4]] [3] 1245 t=  [10, 8] 1625
460
0
[[0, 1, 2, 3], [0, 9, 4, 7]] [] 1601 t=  [6, 12] 1601
0
[[0, 1, 2], [0, 9, 4, 7, 3]] [] 1381 t=  [4, 17] 1381
[[0, 1, 2], [0, 9, 4, 7]] [3] 1201 t=  [4, 12] 1661
[[0, 1, 2], [0, 9, 4]] [3, 7] 893 t=  [4, 8] 1879
572
72
[[0, 1, 2, 7, 3], [0, 9]] [4] 1411 t=  [15, 3] 1483
60
[[0, 1, 2, 7], [0, 9, 3]] [4] 1571 t=  [10, 7] 1631
480
0
[[0, 1, 2, 7, 4, 3], [0, 9]] [] 1427 t=  [16, 3] 1427
0
[[0, 1, 2, 7, 4], [0, 9, 3]] [] 1607 t=  [14, 7] 1607
[[0, 1, 2, 7, 4], [0, 9]] [3] 1227 t=  [14, 3] 1707
380
[[0, 1, 2, 7], [0, 9, 4]] [3] 1245 t=  [10, 8] 1625
[[0, 1, 2, 7], [0, 9]] [3, 4] 1191 t=  [10, 3] 1763
549
63
[[0, 1, 2, 3], [0, 9, 7]] [4] 1569 t=  [6, 11] 1632
69
[[0, 1, 2], [0, 9, 7, 3]] [4] 1369 t=  [4, 16] 1438
400
[[0, 1, 2, 4], [0, 9, 7]] [3] 1226 t=  [7, 11] 1626
460
0
[[0, 1, 2, 3], [0, 9, 7, 4]] [] 1602 t=  [6, 15] 1602
0
[[0, 1, 2], [0, 9, 7, 4, 3]] [] 1382 t=  [4, 17] 1382
[[0, 1, 2], [0, 9, 7, 4]] [3] 1202 t=  [4, 15] 1662
[[0, 1, 2], [0, 9, 7]] [3, 4] 1169 t=  [4, 11] 1718
[[0, 1, 2], [0, 9]] [3, 4, 7] 839 t=  [4, 3] 1962
[[0, 1, 2], [0]] [3, 4, 7, 9] 356 t=  [4, 0] 356
1097
[[0, 1], [0, 2]] [3, 4, 7, 9] 358 t=  [2, 3] 1455
0
[[0, 1, 3], [0]] [2, 4, 7, 9] 732 t=  [5, 0] 732
1097
1097
1097
525
0
[[0, 1, 2, 4, 7, 9], [0, 3]] [] 1370 t=  [19, 2] 1370
0
[[0, 1, 2, 4, 7], [0, 3, 9]] [] 1643 t=  [11, 6] 1643
[[0, 1, 2, 4, 7], [0, 3]] [9] 1223 t=  [11, 2] 1748
420
0
[[0, 1, 2, 4, 9], [0, 3, 7]] [] 1605 t=  [12, 7] 1605
0
[[0, 1, 2, 4], [0, 3, 7, 9]] [] 1542 t=  [7, 15] 1542
[[0, 1, 2, 4], [0, 3, 7]] [9] 1311 t=  [7, 7] 1731
550
0
[[0, 1, 2, 4, 9, 7], [0, 3]] [] 1319 t=  [20, 2] 1319
0
[[0, 1, 2, 4, 9], [0, 3, 7]] [] 1605 t=  [12, 7] 1605
[[0, 1, 2, 4, 9], [0, 3]] [7] 1187 t=  [12, 2] 1737
462
0
[[0, 1, 2, 4, 7], [0, 3, 9]] [] 1643 t=  [11, 6] 1643
0
[[0, 1, 2, 4], [0, 3, 9, 7]] [] 1577 t=  [7, 14] 1577
[[0, 1, 2, 4], [0, 3, 9]] [7] 1313 t=  [7, 6] 1775
[[0, 1, 2, 4], [0, 3]] [7, 9] 893 t=  [7, 2] 1990
1011
483
0
[[0, 1, 2, 7, 9], [0, 3, 4]] [] 1422 t=  [18, 4] 1422
0
[[0, 1, 2, 7], [0, 3, 4, 9]] [] 1611 t=  [10, 9] 1611
[[0, 1, 2, 7], [0, 3, 4]] [9] 1254 t=  [10, 4] 1737
483
0
[[0, 1, 2, 9], [0, 3, 4, 7]] [] 1655 t=  [9, 8] 1655
0
[[0, 1, 2], [0, 3, 4, 7, 9]] [] 1508 t=  [4, 16] 1508
[[0, 1, 2], [0, 3, 4, 7]] [9] 1298 t=  [4, 8] 1781
506
0
[[0, 1, 2, 9, 7], [0, 3, 4]] [] 1457 t=  [17, 4] 1457
0
[[0, 1, 2, 9], [0, 3, 4, 7]] [] 1655 t=  [9, 8] 1655
[[0, 1, 2, 9], [0, 3, 4]] [7] 1259 t=  [9, 4] 1765
506
0
[[0, 1, 2, 7], [0, 3, 4, 9]] [] 1611 t=  [10, 9] 1611
0
[[0, 1, 2], [0, 3, 4, 9, 7]] [] 1457 t=  [4, 17] 1457
[[0, 1, 2], [0, 3, 4, 9]] [7] 1259 t=  [4, 9] 1765
[[0, 1, 2], [0, 3, 4]] [7, 9] 902 t=  [4, 4] 1913
603
525
0
[[0, 1, 2, 7, 4, 9], [0, 3]] [] 1371 t=  [19, 2] 1371
0
[[0, 1, 2, 7, 4], [0, 3, 9]] [] 1644 t=  [14, 6] 1644
[[0, 1, 2, 7, 4], [0, 3]] [9] 1224 t=  [14, 2] 1749
483
0
[[0, 1, 2, 7, 9], [0, 3, 4]] [] 1422 t=  [18, 4] 1422
0
[[0, 1, 2, 7], [0, 3, 4, 9]] [] 1611 t=  [10, 9] 1611
[[0, 1, 2, 7], [0, 3, 4]] [9] 1254 t=  [10, 4] 1737
75
[[0, 1, 2, 7, 9], [0, 3]] [4] 1356 t=  [18, 2] 1431
63
0
[[0, 1, 2, 7, 4], [0, 3, 9]] [] 1644 t=  [14, 6] 1644
0
[[0, 1, 2, 7], [0, 3, 9, 4]] [] 1653 t=  [10, 11] 1653
[[0, 1, 2, 7], [0, 3, 9]] [4] 1608 t=  [10, 6] 1671
[[0, 1, 2, 7], [0, 3]] [4, 9] 1188 t=  [10, 2] 1791
555
420
0
[[0, 1, 2, 4, 9], [0, 3, 7]] [] 1605 t=  [12, 7] 1605
0
[[0, 1, 2, 4], [0, 3, 7, 9]] [] 1542 t=  [7, 15] 1542
[[0, 1, 2, 4], [0, 3, 7]] [9] 1311 t=  [7, 7] 1731
483
0
[[0, 1, 2, 9], [0, 3, 7, 4]] [] 1656 t=  [9, 11] 1656
0
[[0, 1, 2], [0, 3, 7, 4, 9]] [] 1509 t=  [4, 16] 1509
[[0, 1, 2], [0, 3, 7, 4]] [9] 1299 t=  [4, 11] 1782
60
0
[[0, 1, 2, 9, 4], [0, 3, 7]] [] 1647 t=  [14, 7] 1647
0
[[0, 1, 2, 9], [0, 3, 7, 4]] [] 1656 t=  [9, 11] 1656
[[0, 1, 2, 9], [0, 3, 7]] [4] 1611 t=  [9, 7] 1671
69
[[0, 1, 2], [0, 3, 7, 9]] [4] 1485 t=  [4, 15] 1554
[[0, 1, 2], [0, 3, 7]] [4, 9] 1254 t=  [4, 7] 1809
628
550
0
[[0, 1, 2, 9, 4, 7], [0, 3]] [] 1405 t=  [18, 2] 1405
0
[[0, 1, 2, 9, 4], [0, 3, 7]] [] 1647 t=  [14, 7] 1647
[[0, 1, 2, 9, 4], [0, 3]] [7] 1229 t=  [14, 2] 1779
506
0
[[0, 1, 2, 9, 7], [0, 3, 4]] [] 1457 t=  [17, 4] 1457
0
[[0, 1, 2, 9], [0, 3, 4, 7]] [] 1655 t=  [9, 8] 1655
[[0, 1, 2, 9], [0, 3, 4]] [7] 1259 t=  [9, 4] 1765
75
[[0, 1, 2, 9, 7], [0, 3]] [4] 1391 t=  [17, 2] 1466
60
0
[[0, 1, 2, 9, 4], [0, 3, 7]] [] 1647 t=  [14, 7] 1647
0
[[0, 1, 2, 9], [0, 3, 7, 4]] [] 1656 t=  [9, 11] 1656
[[0, 1, 2, 9], [0, 3, 7]] [4] 1611 t=  [9, 7] 1671
[[0, 1, 2, 9], [0, 3]] [4, 7] 1193 t=  [9, 2] 1821
578
462
0
[[0, 1, 2, 4, 7], [0, 3, 9]] [] 1643 t=  [11, 6] 1643
0
[[0, 1, 2, 4], [0, 3, 9, 7]] [] 1577 t=  [7, 14] 1577
[[0, 1, 2, 4], [0, 3, 9]] [7] 1313 t=  [7, 6] 1775
506
0
[[0, 1, 2, 7], [0, 3, 9, 4]] [] 1653 t=  [10, 11] 1653
0
[[0, 1, 2], [0, 3, 9, 4, 7]] [] 1543 t=  [4, 15] 1543
[[0, 1, 2], [0, 3, 9, 4]] [7] 1301 t=  [4, 11] 1807
63
0
[[0, 1, 2, 7, 4], [0, 3, 9]] [] 1644 t=  [14, 6] 1644
0
[[0, 1, 2, 7], [0, 3, 9, 4]] [] 1653 t=  [10, 11] 1653
[[0, 1, 2, 7], [0, 3, 9]] [4] 1608 t=  [10, 6] 1671
69
[[0, 1, 2], [0, 3, 9, 7]] [4] 1520 t=  [4, 14] 1589
[[0, 1, 2], [0, 3, 9]] [4, 7] 1256 t=  [4, 6] 1834
[[0, 1, 2], [0, 3]] [4, 7, 9] 836 t=  [4, 2] 1933
1097
1011
483
0
[[0, 1, 4, 7, 9], [0, 3, 2]] [] 1416 t=  [18, 4] 1416
0
[[0, 1, 4, 7], [0, 3, 2, 9]] [] 1605 t=  [10, 9] 1605
[[0, 1, 4, 7], [0, 3, 2]] [9] 1248 t=  [10, 4] 1731
441
0
[[0, 1, 4, 9], [0, 3, 2, 7]] [] 1563 t=  [11, 10] 1563
0
[[0, 1, 4], [0, 3, 2, 7, 9]] [] 1416 t=  [6, 18] 1416
[[0, 1, 4], [0, 3, 2, 7]] [9] 1248 t=  [6, 10] 1689
506
0
[[0, 1, 4, 9, 7], [0, 3, 2]] [] 1365 t=  [19, 4] 1365
0
[[0, 1, 4, 9], [0, 3, 2, 7]] [] 1563 t=  [11, 10] 1563
[[0, 1, 4, 9], [0, 3, 2]] [7] 1211 t=  [11, 4] 1717
462
0
[[0, 1, 4, 7], [0, 3, 2, 9]] [] 1605 t=  [10, 9] 1605
0
[[0, 1, 4], [0, 3, 2, 9, 7]] [] 1451 t=  [6, 17] 1451
[[0, 1, 4], [0, 3, 2, 9]] [7] 1253 t=  [6, 9] 1715
[[0, 1, 4], [0, 3, 2]] [7, 9] 896 t=  [6, 4] 1907
1097
420
0
[[0, 1, 7, 9], [0, 3, 2, 4]] [] 1456 t=  [17, 7] 1456
0
[[0, 1, 7], [0, 3, 2, 4, 9]] [] 1561 t=  [9, 12] 1561
[[0, 1, 7], [0, 3, 2, 4]] [9] 1267 t=  [9, 7] 1687
525
0
[[0, 1, 9], [0, 3, 2, 4, 7]] [] 1643 t=  [6, 11] 1643
0
[[0, 1], [0, 3, 2, 4, 7, 9]] [] 1370 t=  [2, 19] 1370
[[0, 1], [0, 3, 2, 4, 7]] [9] 1223 t=  [2, 11] 1748
462
0
[[0, 1, 9, 7], [0, 3, 2, 4]] [] 1577 t=  [14, 7] 1577
0
[[0, 1, 9], [0, 3, 2, 4, 7]] [] 1643 t=  [6, 11] 1643
[[0, 1, 9], [0, 3, 2, 4]] [7] 1313 t=  [6, 7] 1775
550
0
[[0, 1, 7], [0, 3, 2, 4, 9]] [] 1561 t=  [9, 12] 1561
0
[[0, 1], [0, 3, 2, 4, 9, 7]] [] 1319 t=  [2, 20] 1319
[[0, 1], [0, 3, 2, 4, 9]] [7] 1187 t=  [2, 12] 1737
[[0, 1], [0, 3, 2, 4]] [7, 9] 893 t=  [2, 7] 1990
555
483
0
[[0, 1, 7, 4, 9], [0, 3, 2]] [] 1417 t=  [18, 4] 1417
0
[[0, 1, 7, 4], [0, 3, 2, 9]] [] 1606 t=  [13, 9] 1606
[[0, 1, 7, 4], [0, 3, 2]] [9] 1249 t=  [13, 4] 1732
420
0
[[0, 1, 7, 9], [0, 3, 2, 4]] [] 1456 t=  [17, 7] 1456
0
[[0, 1, 7], [0, 3, 2, 4, 9]] [] 1561 t=  [9, 12] 1561
[[0, 1, 7], [0, 3, 2, 4]] [9] 1267 t=  [9, 7] 1687
69
[[0, 1, 7, 9], [0, 3, 2]] [4] 1399 t=  [17, 4] 1468
54
[[0, 1, 7], [0, 3, 2, 9]] [4] 1567 t=  [9, 9] 1621
[[0, 1, 7], [0, 3, 2]] [4, 9] 1210 t=  [9, 4] 1765
603
441
0
[[0, 1, 4, 9], [0, 3, 2, 7]] [] 1563 t=  [11, 10] 1563
0
[[0, 1, 4], [0, 3, 2, 7, 9]] [] 1416 t=  [6, 18] 1416
[[0, 1, 4], [0, 3, 2, 7]] [9] 1248 t=  [6, 10] 1689
525
0
[[0, 1, 9], [0, 3, 2, 7, 4]] [] 1644 t=  [6, 14] 1644
0
[[0, 1], [0, 3, 2, 7, 4, 9]] [] 1371 t=  [2, 19] 1371
[[0, 1], [0, 3, 2, 7, 4]] [9] 1224 t=  [2, 14] 1749
63
0
[[0, 1, 9, 4], [0, 3, 2, 7]] [] 1653 t=  [11, 10] 1653
0
[[0, 1, 9], [0, 3, 2, 7, 4]] [] 1644 t=  [6, 14] 1644
[[0, 1, 9], [0, 3, 2, 7]] [4] 1608 t=  [6, 10] 1671
75
[[0, 1], [0, 3, 2, 7, 9]] [4] 1356 t=  [2, 18] 1431
[[0, 1], [0, 3, 2, 7]] [4, 9] 1188 t=  [2, 10] 1791
578
506
0
[[0, 1, 9, 4, 7], [0, 3, 2]] [] 1543 t=  [15, 4] 1543
0
[[0, 1, 9, 4], [0, 3, 2, 7]] [] 1653 t=  [11, 10] 1653
[[0, 1, 9, 4], [0, 3, 2]] [7] 1301 t=  [11, 4] 1807
462
0
[[0, 1, 9, 7], [0, 3, 2, 4]] [] 1577 t=  [14, 7] 1577
0
[[0, 1, 9], [0, 3, 2, 4, 7]] [] 1643 t=  [6, 11] 1643
[[0, 1, 9], [0, 3, 2, 4]] [7] 1313 t=  [6, 7] 1775
69
[[0, 1, 9, 7], [0, 3, 2]] [4] 1520 t=  [14, 4] 1589
63
0
[[0, 1, 9, 4], [0, 3, 2, 7]] [] 1653 t=  [11, 10] 1653
0
[[0, 1, 9], [0, 3, 2, 7, 4]] [] 1644 t=  [6, 14] 1644
[[0, 1, 9], [0, 3, 2, 7]] [4] 1608 t=  [6, 10] 1671
[[0, 1, 9], [0, 3, 2]] [4, 7] 1256 t=  [6, 4] 1834
628
462
0
[[0, 1, 4, 7], [0, 3, 2, 9]] [] 1605 t=  [10, 9] 1605
0
[[0, 1, 4], [0, 3, 2, 9, 7]] [] 1451 t=  [6, 17] 1451
[[0, 1, 4], [0, 3, 2, 9]] [7] 1253 t=  [6, 9] 1715
550
0
[[0, 1, 7], [0, 3, 2, 9, 4]] [] 1603 t=  [9, 14] 1603
0
[[0, 1], [0, 3, 2, 9, 4, 7]] [] 1405 t=  [2, 18] 1405
[[0, 1], [0, 3, 2, 9, 4]] [7] 1229 t=  [2, 14] 1779
54
[[0, 1, 7], [0, 3, 2, 9]] [4] 1567 t=  [9, 9] 1621
75
[[0, 1], [0, 3, 2, 9, 7]] [4] 1391 t=  [2, 17] 1466
[[0, 1], [0, 3, 2, 9]] [4, 7] 1193 t=  [2, 9] 1821
[[0, 1], [0, 3, 2]] [4, 7, 9] 836 t=  [2, 4] 1933
1097
1097
525
[[0, 1, 4, 2, 7], [0, 3]] [9] 1128 t=  [15, 2] 1653
420
0
[[0, 1, 4, 2, 9], [0, 3, 7]] [] 1556 t=  [14, 7] 1556
0
[[0, 1, 4, 2], [0, 3, 7, 9]] [] 1535 t=  [9, 15] 1535
[[0, 1, 4, 2], [0, 3, 7]] [9] 1304 t=  [9, 7] 1724
550
0
[[0, 1, 4, 2, 9, 7], [0, 3]] [] 1226 t=  [22, 2] 1226
0
[[0, 1, 4, 2, 9], [0, 3, 7]] [] 1556 t=  [14, 7] 1556
[[0, 1, 4, 2, 9], [0, 3]] [7] 1138 t=  [14, 2] 1688
462
0
[[0, 1, 4, 2, 7], [0, 3, 9]] [] 1548 t=  [15, 6] 1548
0
[[0, 1, 4, 2], [0, 3, 9, 7]] [] 1570 t=  [9, 14] 1570
[[0, 1, 4, 2], [0, 3, 9]] [7] 1306 t=  [9, 6] 1768
[[0, 1, 4, 2], [0, 3]] [7, 9] 886 t=  [9, 2] 1983
1011
483
0
[[0, 1, 4, 7, 9], [0, 3, 2]] [] 1416 t=  [18, 4] 1416
0
[[0, 1, 4, 7], [0, 3, 2, 9]] [] 1605 t=  [10, 9] 1605
[[0, 1, 4, 7], [0, 3, 2]] [9] 1248 t=  [10, 4] 1731
441
0
[[0, 1, 4, 9], [0, 3, 2, 7]] [] 1563 t=  [11, 10] 1563
0
[[0, 1, 4], [0, 3, 2, 7, 9]] [] 1416 t=  [6, 18] 1416
[[0, 1, 4], [0, 3, 2, 7]] [9] 1248 t=  [6, 10] 1689
506
0
[[0, 1, 4, 9, 7], [0, 3, 2]] [] 1365 t=  [19, 4] 1365
0
[[0, 1, 4, 9], [0, 3, 2, 7]] [] 1563 t=  [11, 10] 1563
[[0, 1, 4, 9], [0, 3, 2]] [7] 1211 t=  [11, 4] 1717
462
0
[[0, 1, 4, 7], [0, 3, 2, 9]] [] 1605 t=  [10, 9] 1605
0
[[0, 1, 4], [0, 3, 2, 9, 7]] [] 1451 t=  [6, 17] 1451
[[0, 1, 4], [0, 3, 2, 9]] [7] 1253 t=  [6, 9] 1715
[[0, 1, 4], [0, 3, 2]] [7, 9] 896 t=  [6, 4] 1907
577
525
0
[[0, 1, 4, 7, 2, 9], [0, 3]] [] 1329 t=  [21, 2] 1329
0
[[0, 1, 4, 7, 2], [0, 3, 9]] [] 1644 t=  [16, 6] 1644
[[0, 1, 4, 7, 2], [0, 3]] [9] 1224 t=  [16, 2] 1749
483
0
[[0, 1, 4, 7, 9], [0, 3, 2]] [] 1416 t=  [18, 4] 1416
0
[[0, 1, 4, 7], [0, 3, 2, 9]] [] 1605 t=  [10, 9] 1605
[[0, 1, 4, 7], [0, 3, 2]] [9] 1248 t=  [10, 4] 1731
50
[[0, 1, 4, 7, 9], [0, 3]] [2] 1372 t=  [18, 2] 1422
42
0
[[0, 1, 4, 7, 2], [0, 3, 9]] [] 1644 t=  [16, 6] 1644
0
[[0, 1, 4, 7], [0, 3, 9, 2]] [] 1654 t=  [10, 11] 1654
[[0, 1, 4, 7], [0, 3, 9]] [2] 1624 t=  [10, 6] 1666
[[0, 1, 4, 7], [0, 3]] [2, 9] 1204 t=  [10, 2] 1781
485
420
0
[[0, 1, 4, 2, 9], [0, 3, 7]] [] 1556 t=  [14, 7] 1556
0
[[0, 1, 4, 2], [0, 3, 7, 9]] [] 1535 t=  [9, 15] 1535
[[0, 1, 4, 2], [0, 3, 7]] [9] 1304 t=  [9, 7] 1724
441
0
[[0, 1, 4, 9], [0, 3, 7, 2]] [] 1611 t=  [11, 13] 1611
0
[[0, 1, 4], [0, 3, 7, 2, 9]] [] 1464 t=  [6, 18] 1464
[[0, 1, 4], [0, 3, 7, 2]] [9] 1296 t=  [6, 13] 1737
40
[[0, 1, 4, 9], [0, 3, 7]] [2] 1585 t=  [11, 7] 1625
42
[[0, 1, 4], [0, 3, 7, 9]] [2] 1501 t=  [6, 15] 1543
[[0, 1, 4], [0, 3, 7]] [2, 9] 1270 t=  [6, 7] 1755
602
550
0
[[0, 1, 4, 9, 2, 7], [0, 3]] [] 1275 t=  [22, 2] 1275
0
[[0, 1, 4, 9, 2], [0, 3, 7]] [] 1605 t=  [16, 7] 1605
[[0, 1, 4, 9, 2], [0, 3]] [7] 1187 t=  [16, 2] 1737
506
0
[[0, 1, 4, 9, 7], [0, 3, 2]] [] 1365 t=  [19, 4] 1365
0
[[0, 1, 4, 9], [0, 3, 2, 7]] [] 1563 t=  [11, 10] 1563
[[0, 1, 4, 9], [0, 3, 2]] [7] 1211 t=  [11, 4] 1717
50
[[0, 1, 4, 9, 7], [0, 3]] [2] 1321 t=  [19, 2] 1371
40
[[0, 1, 4, 9], [0, 3, 7]] [2] 1585 t=  [11, 7] 1625
[[0, 1, 4, 9], [0, 3]] [2, 7] 1167 t=  [11, 2] 1769
506
462
0
[[0, 1, 4, 2, 7], [0, 3, 9]] [] 1548 t=  [15, 6] 1548
0
[[0, 1, 4, 2], [0, 3, 9, 7]] [] 1570 t=  [9, 14] 1570
[[0, 1, 4, 2], [0, 3, 9]] [7] 1306 t=  [9, 6] 1768
462
0
[[0, 1, 4, 7], [0, 3, 9, 2]] [] 1654 t=  [10, 11] 1654
0
[[0, 1, 4], [0, 3, 9, 2, 7]] [] 1500 t=  [6, 17] 1500
[[0, 1, 4], [0, 3, 9, 2]] [7] 1302 t=  [6, 11] 1764
42
0
[[0, 1, 4, 7, 2], [0, 3, 9]] [] 1644 t=  [16, 6] 1644
0
[[0, 1, 4, 7], [0, 3, 9, 2]] [] 1654 t=  [10, 11] 1654
[[0, 1, 4, 7], [0, 3, 9]] [2] 1624 t=  [10, 6] 1666
42
[[0, 1, 4], [0, 3, 9, 7]] [2] 1536 t=  [6, 14] 1578
[[0, 1, 4], [0, 3, 9]] [2, 7] 1272 t=  [6, 6] 1778
[[0, 1, 4], [0, 3]] [2, 7, 9] 852 t=  [6, 2] 1949
1097
1011
483
0
[[0, 1, 2, 7, 9], [0, 3, 4]] [] 1422 t=  [18, 4] 1422
0
[[0, 1, 2, 7], [0, 3, 4, 9]] [] 1611 t=  [10, 9] 1611
[[0, 1, 2, 7], [0, 3, 4]] [9] 1254 t=  [10, 4] 1737
483
0
[[0, 1, 2, 9], [0, 3, 4, 7]] [] 1655 t=  [9, 8] 1655
0
[[0, 1, 2], [0, 3, 4, 7, 9]] [] 1508 t=  [4, 16] 1508
[[0, 1, 2], [0, 3, 4, 7]] [9] 1298 t=  [4, 8] 1781
506
0
[[0, 1, 2, 9, 7], [0, 3, 4]] [] 1457 t=  [17, 4] 1457
0
[[0, 1, 2, 9], [0, 3, 4, 7]] [] 1655 t=  [9, 8] 1655
[[0, 1, 2, 9], [0, 3, 4]] [7] 1259 t=  [9, 4] 1765
506
0
[[0, 1, 2, 7], [0, 3, 4, 9]] [] 1611 t=  [10, 9] 1611
0
[[0, 1, 2], [0, 3, 4, 9, 7]] [] 1457 t=  [4, 17] 1457
[[0, 1, 2], [0, 3, 4, 9]] [7] 1259 t=  [4, 9] 1765
[[0, 1, 2], [0, 3, 4]] [7, 9] 902 t=  [4, 4] 1913
1097
420
0
[[0, 1, 7, 9], [0, 3, 4, 2]] [] 1459 t=  [17, 7] 1459
0
[[0, 1, 7], [0, 3, 4, 2, 9]] [] 1564 t=  [9, 12] 1564
[[0, 1, 7], [0, 3, 4, 2]] [9] 1270 t=  [9, 7] 1690
525
0
[[0, 1, 9], [0, 3, 4, 2, 7]] [] 1602 t=  [6, 13] 1602
0
[[0, 1], [0, 3, 4, 2, 7, 9]] [] 1287 t=  [2, 21] 1287
[[0, 1], [0, 3, 4, 2, 7]] [9] 1182 t=  [2, 13] 1707
462
0
[[0, 1, 9, 7], [0, 3, 4, 2]] [] 1580 t=  [14, 7] 1580
0
[[0, 1, 9], [0, 3, 4, 2, 7]] [] 1602 t=  [6, 13] 1602
[[0, 1, 9], [0, 3, 4, 2]] [7] 1316 t=  [6, 7] 1778
550
0
[[0, 1, 7], [0, 3, 4, 2, 9]] [] 1564 t=  [9, 12] 1564
0
[[0, 1], [0, 3, 4, 2, 9, 7]] [] 1322 t=  [2, 20] 1322
[[0, 1], [0, 3, 4, 2, 9]] [7] 1190 t=  [2, 12] 1740
[[0, 1], [0, 3, 4, 2]] [7, 9] 896 t=  [2, 7] 1993
531
483
0
[[0, 1, 7, 2, 9], [0, 3, 4]] [] 1380 t=  [20, 4] 1380
0
[[0, 1, 7, 2], [0, 3, 4, 9]] [] 1611 t=  [15, 9] 1611
[[0, 1, 7, 2], [0, 3, 4]] [9] 1254 t=  [15, 4] 1737
420
0
[[0, 1, 7, 9], [0, 3, 4, 2]] [] 1459 t=  [17, 7] 1459
0
[[0, 1, 7], [0, 3, 4, 2, 9]] [] 1564 t=  [9, 12] 1564
[[0, 1, 7], [0, 3, 4, 2]] [9] 1270 t=  [9, 7] 1690
46
[[0, 1, 7, 9], [0, 3, 4]] [2] 1421 t=  [17, 4] 1467
36
[[0, 1, 7], [0, 3, 4, 9]] [2] 1589 t=  [9, 9] 1625
[[0, 1, 7], [0, 3, 4]] [2, 9] 1232 t=  [9, 4] 1763
577
483
0
[[0, 1, 2, 9], [0, 3, 4, 7]] [] 1655 t=  [9, 8] 1655
0
[[0, 1, 2], [0, 3, 4, 7, 9]] [] 1508 t=  [4, 16] 1508
[[0, 1, 2], [0, 3, 4, 7]] [9] 1298 t=  [4, 8] 1781
525
0
[[0, 1, 9], [0, 3, 4, 7, 2]] [] 1698 t=  [6, 14] 1698
0
[[0, 1], [0, 3, 4, 7, 2, 9]] [] 1425 t=  [2, 19] 1425
[[0, 1], [0, 3, 4, 7, 2]] [9] 1278 t=  [2, 14] 1803
42
0
[[0, 1, 9, 2], [0, 3, 4, 7]] [] 1704 t=  [11, 8] 1704
0
[[0, 1, 9], [0, 3, 4, 7, 2]] [] 1698 t=  [6, 14] 1698
[[0, 1, 9], [0, 3, 4, 7]] [2] 1674 t=  [6, 8] 1716
50
[[0, 1], [0, 3, 4, 7, 9]] [2] 1464 t=  [2, 16] 1514
[[0, 1], [0, 3, 4, 7]] [2, 9] 1254 t=  [2, 8] 1831
554
506
0
[[0, 1, 9, 2, 7], [0, 3, 4]] [] 1506 t=  [17, 4] 1506
0
[[0, 1, 9, 2], [0, 3, 4, 7]] [] 1704 t=  [11, 8] 1704
[[0, 1, 9, 2], [0, 3, 4]] [7] 1308 t=  [11, 4] 1814
462
0
[[0, 1, 9, 7], [0, 3, 4, 2]] [] 1580 t=  [14, 7] 1580
0
[[0, 1, 9], [0, 3, 4, 2, 7]] [] 1602 t=  [6, 13] 1602
[[0, 1, 9], [0, 3, 4, 2]] [7] 1316 t=  [6, 7] 1778
46
[[0, 1, 9, 7], [0, 3, 4]] [2] 1542 t=  [14, 4] 1588
42
0
[[0, 1, 9, 2], [0, 3, 4, 7]] [] 1704 t=  [11, 8] 1704
0
[[0, 1, 9], [0, 3, 4, 7, 2]] [] 1698 t=  [6, 14] 1698
[[0, 1, 9], [0, 3, 4, 7]] [2] 1674 t=  [6, 8] 1716
[[0, 1, 9], [0, 3, 4]] [2, 7] 1278 t=  [6, 4] 1832
602
506
0
[[0, 1, 2, 7], [0, 3, 4, 9]] [] 1611 t=  [10, 9] 1611
0
[[0, 1, 2], [0, 3, 4, 9, 7]] [] 1457 t=  [4, 17] 1457
[[0, 1, 2], [0, 3, 4, 9]] [7] 1259 t=  [4, 9] 1765
550
0
[[0, 1, 7], [0, 3, 4, 9, 2]] [] 1613 t=  [9, 14] 1613
0
[[0, 1], [0, 3, 4, 9, 2, 7]] [] 1371 t=  [2, 20] 1371
[[0, 1], [0, 3, 4, 9, 2]] [7] 1239 t=  [2, 14] 1789
36
[[0, 1, 7], [0, 3, 4, 9]] [2] 1589 t=  [9, 9] 1625
50
[[0, 1], [0, 3, 4, 9, 7]] [2] 1413 t=  [2, 17] 1463
[[0, 1], [0, 3, 4, 9]] [2, 7] 1215 t=  [2, 9] 1817
[[0, 1], [0, 3, 4]] [2, 7, 9] 858 t=  [2, 4] 1955
603
603
525
0
[[0, 1, 7, 2, 4, 9], [0, 3]] [] 1275 t=  [23, 2] 1275
0
[[0, 1, 7, 2, 4], [0, 3, 9]] [] 1632 t=  [18, 6] 1632
[[0, 1, 7, 2, 4], [0, 3]] [9] 1212 t=  [18, 2] 1737
483
0
[[0, 1, 7, 2, 9], [0, 3, 4]] [] 1380 t=  [20, 4] 1380
0
[[0, 1, 7, 2], [0, 3, 4, 9]] [] 1611 t=  [15, 9] 1611
[[0, 1, 7, 2], [0, 3, 4]] [9] 1254 t=  [15, 4] 1737
75
[[0, 1, 7, 2, 9], [0, 3]] [4] 1314 t=  [20, 2] 1389
63
[[0, 1, 7, 2], [0, 3, 9]] [4] 1608 t=  [15, 6] 1671
[[0, 1, 7, 2], [0, 3]] [4, 9] 1188 t=  [15, 2] 1791
555
483
0
[[0, 1, 7, 4, 9], [0, 3, 2]] [] 1417 t=  [18, 4] 1417
0
[[0, 1, 7, 4], [0, 3, 2, 9]] [] 1606 t=  [13, 9] 1606
[[0, 1, 7, 4], [0, 3, 2]] [9] 1249 t=  [13, 4] 1732
420
[[0, 1, 7], [0, 3, 2, 4]] [9] 1267 t=  [9, 7] 1687
69
[[0, 1, 7, 9], [0, 3, 2]] [4] 1399 t=  [17, 4] 1468
54
[[0, 1, 7], [0, 3, 2, 9]] [4] 1567 t=  [9, 9] 1621
[[0, 1, 7], [0, 3, 2]] [4, 9] 1210 t=  [9, 4] 1765
577
525
0
[[0, 1, 7, 4, 2, 9], [0, 3]] [] 1330 t=  [21, 2] 1330
0
[[0, 1, 7, 4, 2], [0, 3, 9]] [] 1645 t=  [16, 6] 1645
[[0, 1, 7, 4, 2], [0, 3]] [9] 1225 t=  [16, 2] 1750
483
0
[[0, 1, 7, 4, 9], [0, 3, 2]] [] 1417 t=  [18, 4] 1417
0
[[0, 1, 7, 4], [0, 3, 2, 9]] [] 1606 t=  [13, 9] 1606
[[0, 1, 7, 4], [0, 3, 2]] [9] 1249 t=  [13, 4] 1732
50
[[0, 1, 7, 4, 9], [0, 3]] [2] 1373 t=  [18, 2] 1423
42
[[0, 1, 7, 4], [0, 3, 9]] [2] 1625 t=  [13, 6] 1667
[[0, 1, 7, 4], [0, 3]] [2, 9] 1205 t=  [13, 2] 1782
531
483
0
[[0, 1, 7, 2, 9], [0, 3, 4]] [] 1380 t=  [20, 4] 1380
0
[[0, 1, 7, 2], [0, 3, 4, 9]] [] 1611 t=  [15, 9] 1611
[[0, 1, 7, 2], [0, 3, 4]] [9] 1254 t=  [15, 4] 1737
420
[[0, 1, 7], [0, 3, 4, 2]] [9] 1270 t=  [9, 7] 1690
46
[[0, 1, 7, 9], [0, 3, 4]] [2] 1421 t=  [17, 4] 1467
36
[[0, 1, 7], [0, 3, 4, 9]] [2] 1589 t=  [9, 9] 1625
[[0, 1, 7], [0, 3, 4]] [2, 9] 1232 t=  [9, 4] 1763
127
[[0, 1, 7, 9], [0, 3]] [2, 4] 1355 t=  [17, 2] 1482
107
[[0, 1, 7], [0, 3, 9]] [2, 4] 1586 t=  [9, 6] 1693
[[0, 1, 7], [0, 3]] [2, 4, 9] 1166 t=  [9, 2] 1769
603
555
420
0
[[0, 1, 2, 4, 9], [0, 3, 7]] [] 1605 t=  [12, 7] 1605
0
[[0, 1, 2, 4], [0, 3, 7, 9]] [] 1542 t=  [7, 15] 1542
[[0, 1, 2, 4], [0, 3, 7]] [9] 1311 t=  [7, 7] 1731
483
0
[[0, 1, 2, 9], [0, 3, 7, 4]] [] 1656 t=  [9, 11] 1656
0
[[0, 1, 2], [0, 3, 7, 4, 9]] [] 1509 t=  [4, 16] 1509
[[0, 1, 2], [0, 3, 7, 4]] [9] 1299 t=  [4, 11] 1782
60
[[0, 1, 2, 9], [0, 3, 7]] [4] 1611 t=  [9, 7] 1671
69
[[0, 1, 2], [0, 3, 7, 9]] [4] 1485 t=  [4, 15] 1554
[[0, 1, 2], [0, 3, 7]] [4, 9] 1254 t=  [4, 7] 1809
603
441
0
[[0, 1, 4, 9], [0, 3, 7, 2]] [] 1611 t=  [11, 13] 1611
0
[[0, 1, 4], [0, 3, 7, 2, 9]] [] 1464 t=  [6, 18] 1464
[[0, 1, 4], [0, 3, 7, 2]] [9] 1296 t=  [6, 13] 1737
525
0
[[0, 1, 9], [0, 3, 7, 2, 4]] [] 1686 t=  [6, 16] 1686
0
[[0, 1], [0, 3, 7, 2, 4, 9]] [] 1371 t=  [2, 21] 1371
[[0, 1], [0, 3, 7, 2, 4]] [9] 1266 t=  [2, 16] 1791
63
0
[[0, 1, 9, 4], [0, 3, 7, 2]] [] 1701 t=  [11, 13] 1701
0
[[0, 1, 9], [0, 3, 7, 2, 4]] [] 1686 t=  [6, 16] 1686
[[0, 1, 9], [0, 3, 7, 2]] [4] 1656 t=  [6, 13] 1719
75
[[0, 1], [0, 3, 7, 2, 9]] [4] 1404 t=  [2, 18] 1479
[[0, 1], [0, 3, 7, 2]] [4, 9] 1236 t=  [2, 13] 1839
485
420
0
[[0, 1, 4, 2, 9], [0, 3, 7]] [] 1556 t=  [14, 7] 1556
0
[[0, 1, 4, 2], [0, 3, 7, 9]] [] 1535 t=  [9, 15] 1535
[[0, 1, 4, 2], [0, 3, 7]] [9] 1304 t=  [9, 7] 1724
441
0
[[0, 1, 4, 9], [0, 3, 7, 2]] [] 1611 t=  [11, 13] 1611
0
[[0, 1, 4], [0, 3, 7, 2, 9]] [] 1464 t=  [6, 18] 1464
[[0, 1, 4], [0, 3, 7, 2]] [9] 1296 t=  [6, 13] 1737
40
[[0, 1, 4, 9], [0, 3, 7]] [2] 1585 t=  [11, 7] 1625
42
[[0, 1, 4], [0, 3, 7, 9]] [2] 1501 t=  [6, 15] 1543
[[0, 1, 4], [0, 3, 7]] [2, 9] 1270 t=  [6, 7] 1755
577
483
0
[[0, 1, 2, 9], [0, 3, 7, 4]] [] 1656 t=  [9, 11] 1656
0
[[0, 1, 2], [0, 3, 7, 4, 9]] [] 1509 t=  [4, 16] 1509
[[0, 1, 2], [0, 3, 7, 4]] [9] 1299 t=  [4, 11] 1782
525
0
[[0, 1, 9], [0, 3, 7, 4, 2]] [] 1699 t=  [6, 14] 1699
0
[[0, 1], [0, 3, 7, 4, 2, 9]] [] 1426 t=  [2, 19] 1426
[[0, 1], [0, 3, 7, 4, 2]] [9] 1279 t=  [2, 14] 1804
42
0
[[0, 1, 9, 2], [0, 3, 7, 4]] [] 1705 t=  [11, 11] 1705
0
[[0, 1, 9], [0, 3, 7, 4, 2]] [] 1699 t=  [6, 14] 1699
[[0, 1, 9], [0, 3, 7, 4]] [2] 1675 t=  [6, 11] 1717
50
[[0, 1], [0, 3, 7, 4, 9]] [2] 1465 t=  [2, 16] 1515
[[0, 1], [0, 3, 7, 4]] [2, 9] 1255 t=  [2, 11] 1832
107
60
0
[[0, 1, 9, 2, 4], [0, 3, 7]] [] 1696 t=  [14, 7] 1696
0
[[0, 1, 9, 2], [0, 3, 7, 4]] [] 1705 t=  [11, 11] 1705
[[0, 1, 9, 2], [0, 3, 7]] [4] 1660 t=  [11, 7] 1720
63
0
[[0, 1, 9, 4], [0, 3, 7, 2]] [] 1701 t=  [11, 13] 1701
0
[[0, 1, 9], [0, 3, 7, 2, 4]] [] 1686 t=  [6, 16] 1686
[[0, 1, 9], [0, 3, 7, 2]] [4] 1656 t=  [6, 13] 1719
40
0
[[0, 1, 9, 4, 2], [0, 3, 7]] [] 1699 t=  [14, 7] 1699
0
[[0, 1, 9, 4], [0, 3, 7, 2]] [] 1701 t=  [11, 13] 1701
[[0, 1, 9, 4], [0, 3, 7]] [2] 1675 t=  [11, 7] 1715
42
0
[[0, 1, 9, 2], [0, 3, 7, 4]] [] 1705 t=  [11, 11] 1705
0
[[0, 1, 9], [0, 3, 7, 4, 2]] [] 1699 t=  [6, 14] 1699
[[0, 1, 9], [0, 3, 7, 4]] [2] 1675 t=  [6, 11] 1717
[[0, 1, 9], [0, 3, 7]] [2, 4] 1630 t=  [6, 7] 1737
127
[[0, 1], [0, 3, 7, 9]] [2, 4] 1441 t=  [2, 15] 1568
[[0, 1], [0, 3, 7]] [2, 4, 9] 1210 t=  [2, 7] 1813
628
628
550
0
[[0, 1, 9, 2, 4, 7], [0, 3]] [] 1454 t=  [18, 2] 1454
0
[[0, 1, 9, 2, 4], [0, 3, 7]] [] 1696 t=  [14, 7] 1696
[[0, 1, 9, 2, 4], [0, 3]] [7] 1278 t=  [14, 2] 1828
506
0
[[0, 1, 9, 2, 7], [0, 3, 4]] [] 1506 t=  [17, 4] 1506
0
[[0, 1, 9, 2], [0, 3, 4, 7]] [] 1704 t=  [11, 8] 1704
[[0, 1, 9, 2], [0, 3, 4]] [7] 1308 t=  [11, 4] 1814
75
[[0, 1, 9, 2, 7], [0, 3]] [4] 1440 t=  [17, 2] 1515
60
0
[[0, 1, 9, 2, 4], [0, 3, 7]] [] 1696 t=  [14, 7] 1696
0
[[0, 1, 9, 2], [0, 3, 7, 4]] [] 1705 t=  [11, 11] 1705
[[0, 1, 9, 2], [0, 3, 7]] [4] 1660 t=  [11, 7] 1720
[[0, 1, 9, 2], [0, 3]] [4, 7] 1242 t=  [11, 2] 1870
578
506
0
[[0, 1, 9, 4, 7], [0, 3, 2]] [] 1543 t=  [15, 4] 1543
0
[[0, 1, 9, 4], [0, 3, 2, 7]] [] 1653 t=  [11, 10] 1653
[[0, 1, 9, 4], [0, 3, 2]] [7] 1301 t=  [11, 4] 1807
462
0
[[0, 1, 9, 7], [0, 3, 2, 4]] [] 1577 t=  [14, 7] 1577
0
[[0, 1, 9], [0, 3, 2, 4, 7]] [] 1643 t=  [6, 11] 1643
[[0, 1, 9], [0, 3, 2, 4]] [7] 1313 t=  [6, 7] 1775
69
[[0, 1, 9, 7], [0, 3, 2]] [4] 1520 t=  [14, 4] 1589
63
[[0, 1, 9], [0, 3, 2, 7]] [4] 1608 t=  [6, 10] 1671
[[0, 1, 9], [0, 3, 2]] [4, 7] 1256 t=  [6, 4] 1834
602
550
0
[[0, 1, 9, 4, 2, 7], [0, 3]] [] 1413 t=  [20, 2] 1413
0
[[0, 1, 9, 4, 2], [0, 3, 7]] [] 1699 t=  [14, 7] 1699
[[0, 1, 9, 4, 2], [0, 3]] [7] 1281 t=  [14, 2] 1831
506
0
[[0, 1, 9, 4, 7], [0, 3, 2]] [] 1543 t=  [15, 4] 1543
0
[[0, 1, 9, 4], [0, 3, 2, 7]] [] 1653 t=  [11, 10] 1653
[[0, 1, 9, 4], [0, 3, 2]] [7] 1301 t=  [11, 4] 1807
50
[[0, 1, 9, 4, 7], [0, 3]] [2] 1499 t=  [15, 2] 1549
40
0
[[0, 1, 9, 4, 2], [0, 3, 7]] [] 1699 t=  [14, 7] 1699
0
[[0, 1, 9, 4], [0, 3, 7, 2]] [] 1701 t=  [11, 13] 1701
[[0, 1, 9, 4], [0, 3, 7]] [2] 1675 t=  [11, 7] 1715
[[0, 1, 9, 4], [0, 3]] [2, 7] 1257 t=  [11, 2] 1859
554
506
0
[[0, 1, 9, 2, 7], [0, 3, 4]] [] 1506 t=  [17, 4] 1506
0
[[0, 1, 9, 2], [0, 3, 4, 7]] [] 1704 t=  [11, 8] 1704
[[0, 1, 9, 2], [0, 3, 4]] [7] 1308 t=  [11, 4] 1814
462
0
[[0, 1, 9, 7], [0, 3, 4, 2]] [] 1580 t=  [14, 7] 1580
0
[[0, 1, 9], [0, 3, 4, 2, 7]] [] 1602 t=  [6, 13] 1602
[[0, 1, 9], [0, 3, 4, 2]] [7] 1316 t=  [6, 7] 1778
46
[[0, 1, 9, 7], [0, 3, 4]] [2] 1542 t=  [14, 4] 1588
42
0
[[0, 1, 9, 2], [0, 3, 4, 7]] [] 1704 t=  [11, 8] 1704
0
[[0, 1, 9], [0, 3, 4, 7, 2]] [] 1698 t=  [6, 14] 1698
[[0, 1, 9], [0, 3, 4, 7]] [2] 1674 t=  [6, 8] 1716
[[0, 1, 9], [0, 3, 4]] [2, 7] 1278 t=  [6, 4] 1832
127
[[0, 1, 9, 7], [0, 3]] [2, 4] 1476 t=  [14, 2] 1603
107
60
0
[[0, 1, 9, 2, 4], [0, 3, 7]] [] 1696 t=  [14, 7] 1696
0
[[0, 1, 9, 2], [0, 3, 7, 4]] [] 1705 t=  [11, 11] 1705
[[0, 1, 9, 2], [0, 3, 7]] [4] 1660 t=  [11, 7] 1720
63
0
[[0, 1, 9, 4], [0, 3, 7, 2]] [] 1701 t=  [11, 13] 1701
0
[[0, 1, 9], [0, 3, 7, 2, 4]] [] 1686 t=  [6, 16] 1686
[[0, 1, 9], [0, 3, 7, 2]] [4] 1656 t=  [6, 13] 1719
40
0
[[0, 1, 9, 4, 2], [0, 3, 7]] [] 1699 t=  [14, 7] 1699
0
[[0, 1, 9, 4], [0, 3, 7, 2]] [] 1701 t=  [11, 13] 1701
[[0, 1, 9, 4], [0, 3, 7]] [2] 1675 t=  [11, 7] 1715
42
0
[[0, 1, 9, 2], [0, 3, 7, 4]] [] 1705 t=  [11, 11] 1705
0
[[0, 1, 9], [0, 3, 7, 4, 2]] [] 1699 t=  [6, 14] 1699
[[0, 1, 9], [0, 3, 7, 4]] [2] 1675 t=  [6, 11] 1717
[[0, 1, 9], [0, 3, 7]] [2, 4] 1630 t=  [6, 7] 1737
[[0, 1, 9], [0, 3]] [2, 4, 7] 1212 t=  [6, 2] 1840
628
578
462
0
[[0, 1, 2, 4, 7], [0, 3, 9]] [] 1643 t=  [11, 6] 1643
0
[[0, 1, 2, 4], [0, 3, 9, 7]] [] 1577 t=  [7, 14] 1577
[[0, 1, 2, 4], [0, 3, 9]] [7] 1313 t=  [7, 6] 1775
506
0
[[0, 1, 2, 7], [0, 3, 9, 4]] [] 1653 t=  [10, 11] 1653
0
[[0, 1, 2], [0, 3, 9, 4, 7]] [] 1543 t=  [4, 15] 1543
[[0, 1, 2], [0, 3, 9, 4]] [7] 1301 t=  [4, 11] 1807
63
[[0, 1, 2, 7], [0, 3, 9]] [4] 1608 t=  [10, 6] 1671
69
[[0, 1, 2], [0, 3, 9, 7]] [4] 1520 t=  [4, 14] 1589
[[0, 1, 2], [0, 3, 9]] [4, 7] 1256 t=  [4, 6] 1834
628
462
0
[[0, 1, 4, 7], [0, 3, 9, 2]] [] 1654 t=  [10, 11] 1654
0
[[0, 1, 4], [0, 3, 9, 2, 7]] [] 1500 t=  [6, 17] 1500
[[0, 1, 4], [0, 3, 9, 2]] [7] 1302 t=  [6, 11] 1764
550
0
[[0, 1, 7], [0, 3, 9, 2, 4]] [] 1652 t=  [9, 14] 1652
0
[[0, 1], [0, 3, 9, 2, 4, 7]] [] 1454 t=  [2, 18] 1454
[[0, 1], [0, 3, 9, 2, 4]] [7] 1278 t=  [2, 14] 1828
54
[[0, 1, 7], [0, 3, 9, 2]] [4] 1616 t=  [9, 11] 1670
75
[[0, 1], [0, 3, 9, 2, 7]] [4] 1440 t=  [2, 17] 1515
[[0, 1], [0, 3, 9, 2]] [4, 7] 1242 t=  [2, 11] 1870
506
462
0
[[0, 1, 4, 2, 7], [0, 3, 9]] [] 1548 t=  [15, 6] 1548
0
[[0, 1, 4, 2], [0, 3, 9, 7]] [] 1570 t=  [9, 14] 1570
[[0, 1, 4, 2], [0, 3, 9]] [7] 1306 t=  [9, 6] 1768
462
0
[[0, 1, 4, 7], [0, 3, 9, 2]] [] 1654 t=  [10, 11] 1654
0
[[0, 1, 4], [0, 3, 9, 2, 7]] [] 1500 t=  [6, 17] 1500
[[0, 1, 4], [0, 3, 9, 2]] [7] 1302 t=  [6, 11] 1764
42
[[0, 1, 4, 7], [0, 3, 9]] [2] 1624 t=  [10, 6] 1666
42
[[0, 1, 4], [0, 3, 9, 7]] [2] 1536 t=  [6, 14] 1578
[[0, 1, 4], [0, 3, 9]] [2, 7] 1272 t=  [6, 6] 1778
602
506
0
[[0, 1, 2, 7], [0, 3, 9, 4]] [] 1653 t=  [10, 11] 1653
0
[[0, 1, 2], [0, 3, 9, 4, 7]] [] 1543 t=  [4, 15] 1543
[[0, 1, 2], [0, 3, 9, 4]] [7] 1301 t=  [4, 11] 1807
550
0
[[0, 1, 7], [0, 3, 9, 4, 2]] [] 1655 t=  [9, 14] 1655
0
[[0, 1], [0, 3, 9, 4, 2, 7]] [] 1413 t=  [2, 20] 1413
[[0, 1], [0, 3, 9, 4, 2]] [7] 1281 t=  [2, 14] 1831
36
[[0, 1, 7], [0, 3, 9, 4]] [2] 1631 t=  [9, 11] 1667
50
[[0, 1], [0, 3, 9, 4, 7]] [2] 1499 t=  [2, 15] 1549
[[0, 1], [0, 3, 9, 4]] [2, 7] 1257 t=  [2, 11] 1859
107
[[0, 1, 7], [0, 3, 9]] [2, 4] 1586 t=  [9, 6] 1693
127
[[0, 1], [0, 3, 9, 7]] [2, 4] 1476 t=  [2, 14] 1603
[[0, 1], [0, 3, 9]] [2, 4, 7] 1212 t=  [2, 6] 1840
[[0, 1], [0, 3]] [2, 4, 7, 9] 792 t=  [2, 2] 1889
0
[[0, 1, 4], [0]] [2, 3, 7, 9] 372 t=  [6, 0] 372
1097
[[0, 1], [0, 4]] [2, 3, 7, 9] 381 t=  [2, 3] 1478
0
[[0, 1, 7], [0]] [2, 3, 4, 9] 686 t=  [9, 0] 686
603
[[0, 1], [0, 7]] [2, 3, 4, 9] 752 t=  [2, 6] 1355
0
[[0, 1, 9], [0]] [2, 3, 4, 7] 732 t=  [6, 0] 732
628
[[0, 1], [0, 9]] [2, 3, 4, 7] 795 t=  [2, 3] 1423
[[0, 1], [0]] [2, 3, 4, 7, 9] 312 t=  [2, 0] 312
0
[[0], [0, 1]] [2, 3, 4, 7, 9] 312 t=  [0, 2] 312
0
[[0, 2], [0]] [1, 3, 4, 7, 9] 46 t=  [3, 0] 46
0
[[0], [0, 2]] [1, 3, 4, 7, 9] 46 t=  [0, 3] 46
0
[[0, 3], [0]] [1, 2, 4, 7, 9] 480 t=  [2, 0] 480
0
[[0], [0, 3]] [1, 2, 4, 7, 9] 480 t=  [0, 2] 480
0
[[0, 4], [0]] [1, 2, 3, 7, 9] 69 t=  [3, 0] 69
0
[[0], [0, 4]] [1, 2, 3, 7, 9] 69 t=  [0, 3] 69
0
[[0, 7], [0]] [1, 2, 3, 4, 9] 440 t=  [6, 0] 440
0
[[0], [0, 7]] [1, 2, 3, 4, 9] 440 t=  [0, 6] 440
0
[[0, 9], [0]] [1, 2, 3, 4, 7] 483 t=  [3, 0] 483
0
[[0], [0, 9]] [1, 2, 3, 4, 7] 483 t=  [0, 3] 483
1705
[['AA', 'BB', 'JJ', 'CC'], ['AA', 'DD', 'HH', 'EE']]
